y z
-4.0 4.0
-3.978567489793147 3.987782293673122
-3.957197483432384 3.975582209775363
-3.935889900956828 3.9633997826080125
-3.9146446621850215 3.951235046136568
-3.8934616867167735 3.9390880339920007
-3.872340893934987 3.926958779472023
-3.851282203007481 3.9148473155423495
-3.8302855328888086 3.902753674837961
-3.8093508023220664 3.890677889664364
-3.7884779298406976 3.878619991998849
-3.7676668337702885 3.866580013491747
-3.7469174322303593 3.854557985467689
-3.7262296431361466 3.842553938926854
-3.7056033842003817 3.8305679045462275
-3.6850385729350608 3.8185999126808476
-3.664535126653208 3.806649993365058
-3.6440929624706326 3.794718176313754
-3.623711997307682 3.78280449092363
-3.6033921478909834 3.770908966274424
-3.583133330755184 3.7590316311301617
-3.5629354622446803 3.747172513940398
-3.542798458515344 3.735331642841459
-3.52272223553624 3.7235090456576803
-3.502706709091339 3.711704749902644
-3.48275179478122 3.6999187827804185
-3.4628574080247736 3.6881511711867905
-3.4430234640608903 3.676401941710501
-3.4232498779501483 3.664671120634477
-3.4035365645764935 3.652958733937063
-3.3838834386489105 3.6412648072932514
-3.3642904147030905 3.6295893660759107
-3.3447574071030903 3.6179324353570133
-3.325284330042988 3.606294039908862
-3.3058710975485277 3.5946742042053152
-3.286517623478761 3.58307295242301
-3.2672238215276823 3.571490308442585
-3.247989605225855 3.559926295849904
-3.228814887942034 3.548380937937274
-3.2096995828847805 3.5368542577046655
-3.190643603104071 3.5253462778609306
-3.171646861492898 3.5138570208250206
-3.1527092707888675 3.5023865087272017
-3.1338307435757873 3.4909347634102703
-3.1150111922852504 3.479501806430767
-3.0962505291982114 3.46808765906019
-3.0775486664465563 3.4566923422862077
-3.0589055160146668 3.445315876813869
-3.040320989740978 3.4339582830668136
-3.0217949993195283 3.4226195811884823
-3.003327456301505 3.411299791043325
-2.984918272096782 3.3999989322180086
-2.966567357975452 3.388717024022624
-2.948274625069351 3.377454085491892
-2.93003998437358 3.366210135386368
-2.9118633467480137 3.354985192193648
-2.8937446229188106 3.3437792741295715
-2.875683723479911 3.3325923991394246
-2.8576805588945318 3.321424584899143
-2.8397350394966514 3.3102758488165125
-2.821847075492495 3.2991462080323726
-2.804016576962004 3.288035679421815
-2.786243453860308 3.2769442795953845
-2.768527616019185 3.2658720249002777
-2.750868973148518 3.2548189314215437
-2.7332674348377415 3.2437850149832803
-2.7157229105572873 3.2327702911498344
-2.6982353096600202 3.2217747752269976
-2.6808045413826664 3.2107984822632045
-2.663430514847239 3.1998414270507296
-2.6461131390624546 3.188903624126883
-2.6288523229251446 3.1779850877752067
-2.611647975221659 3.167085832026672
-2.594500004629266 3.156205870660873
-2.5774083197175424 3.145345217207223
-2.5603728289497605 3.1345038849461497
-2.5433934406842664 3.123681886910291
-2.5264700631758537 3.112879235885688
-2.509602604577129 3.1020959444129814
-2.492790972939872 3.0913320247886067
-2.4760350762163905 3.0805874890659872
-2.4593348222608666 3.06986234905673
-2.4426901188306975 3.05915661633182
-2.4261008735878318 3.0484703022228157
-2.4095669941000954 3.037803417823043
-2.3930883878425155 3.027155973988792
-2.3766649621986344 3.0165279813405093
-2.3602966244618195 3.0059194502639968
-2.343983281836566 2.9953303909116054
-2.3277248414397924 2.984760813203431
-2.3115212103021325 2.974210726828511
-2.2953722953692157 2.963680141246022
-2.279278003502947 2.9531690656864753
-2.2632382414827763 2.9426775091529143
-2.2472529160069623 2.932205480422114
-2.231321933693832 2.9217529880457773
-2.2154452010830306 2.9113200403517356
-2.199622624636767 2.900906645445147
-2.1838541107410525 2.8905128112096974
-2.1681395657069324 2.8801385453088004
-2.1524788957717136 2.8697838551867987
-2.1368720071001803 2.8594487480701667
-2.1213188057858097 2.8491332309687136
-2.1058191978519782 2.838837310676786
-2.090373089253159 2.8285609937744733
-2.074980385876118 2.8183042866288126
-2.059640993541099 2.8080671953949956
-2.0443548180030042 2.7978497260175748
-2.0291217649525692 2.787651884231673
-2.0139417400175286 2.777473675564192
-1.9988146487637788 2.767315105335022
-1.983740396696531 2.757176178658255
-1.968718889261459 2.747056900443397
-1.9537500318458407 2.73695727539658
-1.9388337297796925 2.7268773080217796
-1.9239698883368976 2.71681700262203
-1.9091584127363277 2.7067763633006416
-1.8943992081429577 2.6967553939624214
-1.8796921796689736 2.686754098314892
-1.865037232374875 2.676772479869514
-1.8504342712705697 2.6668105419429105
-1.835883201316462 2.65686828765809
-1.8213839274245356 2.6469457199456756
-1.806936354459427 2.637042841545131
-1.7925403872394956 2.627159655005992
-1.7781959305378852 2.6172961626890965
-1.7639028890835782 2.607452366767819
-1.7496611675624452 2.597628269229306
-1.735470670618286 2.5878238718757114
-1.721331302853866 2.5780391763254378
-1.7072429688319417 2.5682741840143746
-1.6932055730762854 2.5585288961971426
-1.6792190200726975 2.548803313948339
-1.6652832142700162 2.5390974381637816
-1.6513980600811178 2.5294112695617614
-1.6375634618839106 2.519744808684291
-1.623779324022324 2.5100980558983585
-1.6100455508072877 2.5004710113971838
-1.5963620465177066 2.4908636752014752
-1.5827287154014271 2.4812760471606903
-1.5691454616761977 2.4717081269542973
-1.5556121895306219 2.462159914093041
-1.5421288031251044 2.4526314079202094
-1.5286952065927908 2.443122607612903
-1.5153113040405002 2.4336335121833073
-1.5019769995496495 2.424164120479968
-1.4886921971771736 2.4147144311890676
-1.4754568009564355 2.405284442835705
-1.462270714898131 2.3958741537851793
-1.4491338429911869 2.386483562244274
-1.43604608920365 2.377112666262545
-1.4230073574835715 2.3677614637336126
-1.410017551759883 2.3584299523964534
-1.3970765759432646 2.3491181298366977
-1.3841843339270088 2.339825993487929
-1.3713407295878732 2.3305535406329856
-1.3585456667869298 2.321300768405266
-1.345799049370404 2.3120676737900365
-1.3331007811705091 2.302854253625744
-1.3204507660062716 2.2936605046053278
-1.3078489076843505 2.284486423277539
-1.2952951099998482 2.2753320060482594
-1.2827892767371154 2.266197249181825
-1.2703313116705472 2.2570821488023536
-1.2579211185653736 2.247986700895074
-1.245558601178441 2.2389109013076585
-1.2332436632589874 2.229854745751559
-1.2209762085494105 2.2208182298033483
-1.2087561407860263 2.21180134890606
-1.1965833636998238 2.2028040983705357
-1.1844577810172077 2.1938264733767747
-1.1723792964607385 2.1848684689752864
-1.160347813749861 2.175930080088445
-1.1483632366016288 2.1670113015118497
-1.1364254687314173 2.158112127915687
-1.1245344138536333 2.149232553846096
-1.1126899756824136 2.1403725737265393
-1.1008920579323185 2.131532181859173
-1.089140564319016 2.122711372426225
-1.077435398559959 2.113910139491373
-1.0657764643750554 2.105128477001126
-1.0541636654873288 2.0963663787862132
-1.0425969056235738 2.087623838562972
-1.0310760885150017 2.07890084993474
-1.0196011178978792 2.07019740639325
-1.0081718975141594 2.061513501320033
-0.9967883311121045 2.052849127987818
-0.9854503224469017 2.0442042795619364
-0.9741577752812696 2.035578949101736
-0.9629105933860588 2.026973129561989
-0.9517086805408427 2.0183868137943093
-0.9405519405345018 2.009819994548571
-0.9294402771657989 2.00127266447433
-0.9183735942439479 1.9927448161222492
-0.9073517955891729 1.9842364419455267
-0.8963747850332602 1.9757475343013262
-0.8854424664201028 1.9672780854522114
-0.8745547436062359 1.9588280875675825
-0.8637115204613646 1.9503975327251166
-0.852912700868884 1.9419864129122095
-0.8421581887263911 1.9335947200274213
-0.8314478879461878 1.9252224458819238
-0.8207817024557772 1.9168695822009518
-0.8101595361983501 1.9085361206252554
-0.7995812931332651 1.9002220527125555
-0.7890468772365192 1.891927369939002
-0.778556192501211 1.8836520637006335
-0.7681091429379949 1.8753961253148395
-0.7577056325755285 1.867159546021824
-0.7473455654609096 1.8589423169860733
-0.7370288456601074 1.8507444292978221
-0.7267553772583839 1.8425658739745248
-0.7165250643607073 1.8344066419623257
-0.7063378110921573 1.826266724137533
-0.6961935215983224 1.818146111308092
-0.686092100045688 1.8100447942150606
-0.6760334506220176 1.8019627635340867
-0.6660174775367241 1.7939000098768842
-0.6560440850212342 1.7858565237927124
-0.6461131773293434 1.777832295769854
-0.6362246587375633 1.7698273162370948
-0.6263784335454605 1.7618415755652022
-0.616574406075987 1.753875064068406
-0.6068124806758023 1.7459277720058772
-0.597092561715587 1.7379996895832068
-0.5874145535903488 1.7300908069538847
-0.5777783607197189 1.7222011142207776
-0.5681838875482415 1.714330601437606
-0.5586310385456535 1.7064792586104198
-0.5491197182071578 1.6986470756990728
-0.5396498310536855 1.6908340426186954
-0.5302212816321528 1.6830401492411655
-0.5208339745157073 1.675265385396577
-0.511487814303968 1.667509740874707
-0.5021827056232545 1.6597732054264784
-0.4929185531268106 1.6520557687654214
-0.48369526149501774 1.6443574205691303
-0.47451273543560124 1.6366781504807184
-0.46537087968382784 1.6290179481102676
-0.45626959900269515 1.621376803036274
-0.44720879818311327 1.6137547048070908
-0.4381883820440777 1.6061516429423632
-0.4292082554328344 1.5985676069344612
-0.42026832322503727 1.5910025862499055
-0.41136849032489636 1.5834565703307877
-0.4025086616653193 1.5759295485961837
-0.393688742208044 1.5684215104435622
-0.3849086369437638 1.5609324452501845
-0.3761682508922444 1.5534623423744973
-0.3674674891024332 1.546011191157519
-0.3588062566525604 1.5385789809242154
-0.3501844586502328 1.5311657009848694
-0.3416020002325197 1.5237713406364393
-0.33305878656603094 1.5163958891639098
-0.3245547228469876 1.509039335841631
-0.3160897143012848 1.5017016699346484
-0.30766366618454744 1.494382880700021
-0.2992764837821781 1.4870829573881292
-0.2909280724093976 1.47980188924397
-0.2826183374112786 1.4725396655084388
-0.2743471841627716 1.4652962754196013
-0.26611451806872377 1.4580717082139485
-0.25792024456389095 1.4508659531276404
-0.2497642691129425 1.4436789993977337
-0.2416464972104592 1.436510836263395
-0.2335668343809243 1.429361452967098
-0.22552518617870798 1.4222308387558056
-0.21752145818804489 1.4151189828821336
-0.2095555560230054 1.4080258746054983
-0.20162738532746025 1.4009515031932454
-0.1937368517750388 1.3938958579217606
-0.18588386106908125 1.3868589280775616
-0.1780683189425845 1.379840702958369
-0.17029013115814212 1.3728411718741576
-0.1625492035078783 1.3658603241481864
-0.1548454418133762 1.3588981491180068
-0.14717875192560048 1.351954636136449
-0.13954903972481442 1.3450297745725834
-0.13195621112049155 1.338123553812661
-0.12440017205122221 1.3312359632610267
-0.11688082848461473 1.3243669923410089
-0.10939808641719191 1.3175166304957835
-0.10195185187428255 1.3106848671892102
-0.09454203090990827 1.303871691906642
-0.08716852960666605 1.297077094155707
-0.07983125407560616 1.2903010634670613
-0.07253011045610616 1.2835435893951121
-0.06526500491574071 1.2768046615187112
-0.05803584365014767 1.2700842694418168
-0.05084253288289053 1.263382402794125
-0.04368497886531735 1.2566990512316667
-0.03656308787641649 1.2500342044373736
-0.029476766222669166 1.2433878521216086
-0.022425920237899227 1.2367599840226626
-0.015410456283120167 1.230150589907215
-0.008430280746379717 1.2235596595707583
-0.0014853000426021303 1.2169871828379868
0.005424579386571544 1.2104331495631453
0.01229945107294505 1.2038975496303417
0.01913940852193011 1.1973803729538188
0.025944545212710987 1.1908816094781864
0.03271495459841021 1.1844012491786138
0.03945073010625518 1.1779392820609784
0.046151965137745506 1.1714956981619755
0.05281875306882069 1.1650704875491813
0.05945118725002806 1.1586636403210753
0.06604936100669058 1.1522751466070165
0.07261336763907435 1.1459049965671755
0.07914330042255546 1.1395531803924195
0.08563925260778613 1.1332196883041523
0.09210131742085946 1.1269045105541058
0.09852958806347303 1.1206076374240836
0.1049241577130907 1.1143290592256574
0.11128511952310241 1.1080687662998119
0.11761256662298177 1.1018267490165419
0.12390659211844114 1.0956029977743973
0.13016728909158387 1.0893975029999785
0.1363947506010533 1.083210255147378
0.14258906968217847 1.077041244697571
0.148750339347116 1.070890462157754
0.1548786525849881 1.0647578980606272
0.16097410236201581 1.0586435429636256
0.16703678162164823 1.0525473874480944
0.17306678328468614 1.046469422118409
0.17906420024940067 1.0404096376010412
0.18502912539164634 1.0343680245435676
0.19096165156496803 1.028344573613623
0.19686187160070173 1.022339275497797
0.20272987830806882 1.016352120900473
0.20856576447426325 1.0103831005426112
0.21436962286453157 1.0044322051604715
0.22014154622224533 0.998499425504282
0.2258816272689656 0.9925847523368457
0.23158995870449928 0.9866881764320921
0.2372666332069466 0.9808096885735677
0.24291174343273997 0.9749492795528698
0.24852538201667337 0.9691069401680207
0.2541076415719222 0.9632826612217829
0.2596586146900534 0.9574764335199161
0.2651783939410246 0.951688247869375
0.2706670718731735 0.945918095076449
0.27612474101319584 0.9401659659448418
0.281551493866112 0.9344318512736944
0.2869474229152222 0.9287157418555487
0.29231262062204966 0.9230176284742525
0.29764717942627134 0.917337501902808
0.30295119174563606 0.911675352901162
0.3082247499758699 0.9060311722139388
0.313467946490568 0.9004049505681168
0.3186808736410728 0.894796678670648
0.32386362375633854 0.8892063472060235
0.32901628914278114 0.8836339468337813
0.3341389620841139 0.8780794681859606
0.33923173484116803 0.8725429018645031
0.34429469965169796 0.8670242384385988
0.34932794873017126 0.861523468441981
0.3543315742675428 0.8560405823701684
0.3593056684310125 0.850575570677657
0.3642503233637673 0.845128423775061
0.3691656311847054 0.839699132026206
0.3740516839881448 0.8342876857451725
0.3789085738435137 0.8288940751932933
0.38373639279502336 0.8235182905761044
0.38853523286132413 0.8181603220402515
0.3933051860351423 0.8128201596703525
0.39804634428289937 0.8074977934858181
0.40275879954431254 0.8021932134376305
0.40744264373197664 0.7969064094050832
0.4120979687309269 0.7916373711924818
0.4167248663981827 0.7863860885258083
0.4213234285622717 0.7811525510493502
0.4258937470227346 0.7759367483222952
0.43043591354961 0.7707386698152939
0.43495001988289933 0.7655583049069922
0.43943615773201156 0.7603956428805341
0.4438944187751876 0.7552506729200382
0.44832489465890446 0.7501233841070482
0.45272767699725863 0.7450137654169597
0.45710285737132866 0.7399218057154258
0.4614505273285171 0.7348474937547423
0.4657707783818713 0.7297908181702157
0.4700637020093832 0.7247517674765145
0.47432938965326815 0.7197303300640069
0.4785679327192224 0.714726494195087
0.48277942257565887 0.7097402480004913
0.48696395055292263 0.7047715794756063
0.4911216079424839 0.6998204764767724
0.4952524859961104 0.6948869267175828
0.49935667592501787 0.6899709177651826
0.5034342688989996 0.6850724370365682
0.507485356045534 0.6801914717948903
0.5115100284488713 0.6753280091457622
0.5155083771490986 0.6704820360335768
0.519480493141184 0.6656535392378323
0.5234264673739991 0.6608425053694722
0.5273463907493203 0.6560489208672385
0.5312403541208099 0.6512727719940433
0.535108448292975 0.6465140448333593
0.5389507640201066 0.6417727252856318
0.5427673920051972 0.6370487990647158
0.5465584228988389 0.6323422516943392
0.5503239472981001 0.6276530685045948
0.5540640557453819 0.6229812346284637
0.5577788387272558 0.6183267349983721
0.5614683866732799 0.6136895543427845
0.5651327899547968 0.6090696771828349
0.5687721388837109 0.6044670878289982
0.572386523711248 0.599881770377805
0.5759760346266943 0.5953137087086012
0.5795407617561183 0.5907628864803554
0.5830807951610734 0.5862292871285144
0.586596224837282 0.5817128938619133
0.5900871407133038 0.5772136896597363
0.5935536326491843 0.5727316572685361
0.5969957904350874 0.5682667791993105
0.6004137037899111 0.5638190377246386
0.6038074623598864 0.5593884148758808
0.6071771557171605 0.554974892440442
0.6105228733583642 0.5505784519591012
0.6138447047031637 0.5461990747234096
0.6171427390927976 0.5418367417731582
0.6204170657885995 0.537491433893918
0.6236677739705062 0.5331631316146523
0.626894952735553 0.5288518152054061
0.6300986910963542 0.5245574646750709
0.6332790779795725 0.5202800597692288
0.6364362022243748 0.5160195799680762
0.6395701525808768 0.51177600448443
0.6426810177085756 0.5075493122618144
0.645768886174772 0.5033394819726354
0.6488338464529821 0.4991464920164376
0.6518759869213384 0.4949703205182497
0.6548953958609818 0.49081094532701725
0.6578921614544451 0.4866683440141248
0.6608663717840273 0.4825424938720076
0.6638181148301604 0.4784333719128547
0.6667474784697686 0.47434095486740363
0.6696545504746202 0.4702652191838281
0.6725394185096745 0.4662061410267184
0.6754021701314208 0.4621636962761569
0.6782428927862141 0.45813786052688715
0.6810616738086048 0.4541286090875788
0.6838586004196646 0.45013591698018796
0.6866337597253087 0.4461597589394133
0.6893872387146149 0.4422001094122487
0.6921191242581404 0.43825694255763215
0.6948295031062357 0.4343302322461915
0.6975184618873582 0.4304199520600866
0.7001860871063843 0.4265260752929482
0.7028324651429206 0.42264857494991365
0.7054576822496169 0.4187874237477587
0.708061824550478 0.41494259411512574
0.7106449780391778 0.41111405819284813
0.7132072285773758 0.40730178783436954
0.7157486618930347 0.40350575460625904
0.7182693635787414 0.3997259297888203
0.7207694190900322 0.3959622843767953
0.7232489137437211 0.392214789080161
0.7257079327162327 0.388483414325019
0.7281465610419403 0.3847681302545771
0.7305648836115102 0.3810689067302221
0.7329629851702507 0.3773857133326822
0.7353409503164694 0.37371851936327966
0.7376988634998357 0.37006729384527076
0.7400368090197527 0.36643200552527355
0.742354871023736 0.36281262287478144
0.7446531335058016 0.35920911409176154
0.7469316803048631 0.35562144710233695
0.7491905951031372 0.35204958956255117
0.751429961424561 0.3484935088602137
0.7536498626332184 0.3449531721168251
0.7558503819317782 0.3414285461895805
0.7580316023599428 0.33791959767345
0.7601936067929095 0.33442629290333364
0.7623364779398433 0.33094859795629117
0.764460298342363 0.32748647865384295
0.7665651503730397 0.3240399005643421
0.7686511162339094 0.3206088290054151
0.7707182779549986 0.31719322904646974
0.7727667173928648 0.3137930655112687
0.7747965162291515 0.3104083029805664
0.7768077559691574 0.3070389057948085
0.7788005179404223 0.3036848380568912
0.7807748832913266 0.3003460636349789
0.7827309329897089 0.29702254616537843
0.7846687478214983 0.2937142490554685
0.7865884083893641 0.29042113548668125
0.7884899951113816 0.28714316841753534
0.7903735882197163 0.28388031058671814
0.7922392677593241 0.28063252451621484
0.79408711358667 0.27739977251448317
0.7959172053684648 0.2741820166796714
0.7977296225804195 0.270979218902878
0.7995244445060186 0.2677913408714509
0.8013017502353118 0.26461834407232426
0.8030616186637246 0.2614601897953914
0.8048041284908879 0.2583168391369111
0.8065293582194866 0.2551882530029467
0.8082373861541285 0.25207439211283433
0.809928290400232 0.24897521700268044
0.8116021488629331 0.24589068802888467
0.8132590392460141 0.24282076537168795
0.8148990390508499 0.23976540903874294
0.8165222255753768 0.2367245788687053
0.8181286759130796 0.23369823453484406
0.8197184669520005 0.23068633554866907
0.8212916753737676 0.22768884126357405
0.8228483776526444 0.22470571087849303
0.8243886500545999 0.22173690344156893
0.8259125686363992 0.21878237785383223
0.8274202092447145 0.21584209287288808
0.8289116475152579 0.21291600711661038
0.8303869588719344 0.21000407906684082
0.8318462185260154 0.2071062670730917
0.833289501475334 0.2042225293562505
0.8347168825035 0.2013528240122848
0.8361284361791371 0.19849710901594625
0.8375242368551401 0.19565534222447162
0.838904358667953 0.19282748138127978
0.8402688755368681 0.19001348411966312
0.8416178611633464 0.1872133079664718
0.8429513890303576 0.18442691034578948
0.844269532401742 0.18165424858259954
0.8455723643215921 0.17889527990643989
0.8468599576136557 0.1761499614550454
0.8481323848807589 0.1734182502779768
0.8493897185042493 0.1707001033402343
0.8506320306434603 0.16799547752585547
0.8518593932351951 0.16530432964149552
0.8530718779932315 0.1626266164199893
0.8542695564078455 0.15996229452389368
0.8554524997453566 0.15731132054900945
0.8566207790476913 0.15467365102788141
0.8577744651319672 0.152049242433276
0.8589136285900966 0.14943805118163522
0.8600383397884093 0.1468400336365061
0.8611486688672949 0.14425514611194473
0.8622446857408643 0.14168334487589387
0.8633264600966298 0.13912458615353368
0.8643940613952047 0.13657882613060432
0.8654475588700211 0.13404602095669996
0.8664870215270665 0.13152612674853337
0.8675125181446387 0.12901909959317034
0.8685241172731191 0.1265248955512334
0.8695218872347633 0.12404347066007393
0.8705058961235107 0.12157478093691254
0.871476211804811 0.11911878238194654
0.8724329019154681 0.11667543098142438
0.8733760338635019 0.11424468271068652
0.8743056748280269 0.11182649353717196
0.8752218917591474 0.10942081942339026
0.8761247513778704 0.10702761632985856
0.8770143201760336 0.1046468402180031
0.8778906644162513 0.10227844705302497
0.8787538501318749 0.09992239280672964
0.8796039431269708 0.09757863346032021
0.8804410089763129 0.09524712500715367
0.8812651130253917 0.09292782345546033
0.8820763203904367 0.0906206848310259
0.8828746959584568 0.0883256651798361
0.8836603043872933 0.0860427205706837
0.8844332101056882 0.08377180709773761
0.8851934773133678 0.08151288088307412
0.8859411699811394 0.07926589807916996
0.8866763518510022 0.07703081487135724
0.8873990864362737 0.07480758748024008
0.8881094370217267 0.072596172164073
0.8888074666637427 0.0703965252211009
0.8894932381904762 0.06820860299186064
0.890166814202034 0.06603236186144439
0.8908282570706655 0.06386775826172447
0.8914776289409664 0.0617147486735401
0.8921149917300948 0.059573289628845685
0.892740407127999 0.057443337712821146
0.8933539365976574 0.05532484956594405
0.8939556413753306 0.05321778188602382
0.8945455824708238 0.05112209143019814
0.895123820667762 0.04903773501689162
0.8956904165238745 0.046964669527736924
0.8962454303712919 0.04490285190945857
0.8967889223168529 0.04285223917571947
0.8973209522424214 0.04081278840893048
0.8978415798052142 0.03878445676202323
0.8983508644381389 0.036767201460186257
0.8988488653501409 0.03476097980256487
0.8993356415265604 0.032765749163924884
0.8998112517294996 0.030781466996280465
0.9002757544981974 0.02880809083048643
0.9007292081494146 0.02684557827779517
0.9011716707778273 0.024893887031378528
0.9016032002564294 0.022952974867814915
0.902023854236942 0.02102279964854197
0.9024336901502336 0.019103319321275018
0.902832765206746 0.0171944919213917
0.9032211363969295 0.015296275573283028
0.9035988604916846 0.013408628491671267
0.9039659940428124 0.011531508982894866
0.9043225933834717 0.009664875446160886
0.9046687146286427 0.007808686374765182
0.9050044136755991 0.005962900357280723
0.9053297462043852 0.004127476078714394
0.9056447676783009 0.0023023723216326194
0.9059495333443924 0.00048754796725618906
0.9062459614121143 -0.0013170417076069328
0.9065347825819349 -0.0031114426470105583
0.9068160378744968 -0.004895700636278656
0.9070897681281882 -0.00666986130143567
0.9073560139997676 -0.00843397010866446
0.9076148159649926 -0.010188072363791443
0.90786621431925 -0.01193221321179852
0.9081102491781882 -0.013666437636361382
0.9083469604783522 -0.015390790459413738
0.9085763879778199 -0.0171053163407371
0.9087985712568409 -0.01881005977757567
0.9090135497184763 -0.020505065104275917
0.9092213625892407 -0.022190376491950454
0.9094220489197463 -0.023866037948165764
0.909615647585347 -0.02553209331665341
0.9098021972867847 -0.027188586277044263
0.9099817365508375 -0.028835560344625383
0.9101543037309677 -0.030473058870119148
0.9103199370079721 -0.032101125039484174
0.910478674390632 -0.03371980187373771
0.9106305537163658 -0.035329132228799014
0.9107756126518807 -0.036929158795353405
0.910913888693826 -0.03851992409873652
0.9110454191694468 -0.04010147049883845
0.9111702412372389 -0.04167384019002729
0.9112883918876026 -0.043237075201091824
0.9113999079434988 -0.044791217395202865
0.911504826061104 -0.046336308469892916
0.9116031827304657 -0.04787238995705379
0.9116950142761591 -0.04939950322295179
0.9117803568579425 -0.0509176894682601
0.911859246471413 -0.052426989728107984
0.911931718948663 -0.053927444872146534
0.9119978099589353 -0.055419095604630465
0.9120575550092794 -0.05690198246451574
0.9121109894452061 -0.05837614582557258
0.9121581484513426 -0.05984162589651356
0.9121990670520873 -0.061298462721136475
0.9122337801122639 -0.06274669617848155
0.9122623223377744 -0.06418636598300277
0.9122847282762528 -0.06561751168475291
0.9123010323177174 -0.06704017266958202
0.9123112686952218 -0.06845438815934897
0.9123154714855067 -0.06986019721214577
0.9123136746096493 -0.07125763872253442
0.9123059118337131 -0.07264675142179582
0.912292216769396 -0.07402757387819062
0.9122726228746778 -0.0754001444972316
0.9122471634544667 -0.07676450152196732
0.9122158716612444 -0.07812068303327664
0.9121787804957108 -0.07946872695017415
0.9121359228074266 -0.08080867103012573
0.9120873312954559 -0.08214055286937448
0.9120330385090062 -0.08346440990327628
0.9119730768480683 -0.0847802794066451
0.9119074785640544 -0.08608819849410759
0.9118362757604348 -0.08738820412046659
0.9117595003933734 -0.0886803330810736
0.9116771842723614 -0.08996462201220977
0.9115893590608505 -0.09124110739147502
0.9114960562768829 -0.09250982553818546
0.9113973072937217 -0.0937708126137784
0.9112931433404786 -0.09502410462222503
0.9111835955027399 -0.09626973741045049
0.9110686947231914 -0.09750774666876084
0.9109484718022418 -0.09873816793127722
0.9108229573986437 -0.0999610365763764
0.9106921820301133 -0.10117638782713789
0.9105561760739481 -0.10238425675179735
0.9104149697676439 -0.10358467826420585
0.9102685932095081 -0.1047776871242951
0.9101170763592732 -0.10596331793854824
0.9099604490387064 -0.10714160516047605
0.9097987409322199 -0.10831258309109836
0.9096319815874763 -0.10947628587943052
0.9094602004159948 -0.11063274752297474
0.909283426693754 -0.11178200186821602
0.9091016895617925 -0.11292408261112263
0.9089150180268091 -0.11405902329765086
0.9087234409617593 -0.11518685732425389
0.9085269871064506 -0.1163076179383947
0.9083256850681362 -0.11742133823906266
0.9081195633221053 -0.11852805117729386
0.9079086502122732 -0.11962778955669483
0.9076929739517674 -0.12072058603396965
0.9074725626235132 -0.12180647311945018
0.9072474441808162 -0.1228854831776293
0.9070176464479435 -0.12395764842769705
0.9067831971207018 -0.12502300094407948
0.9065441237670142 -0.12608157265698006
0.9063004538274948 -0.1271333953529236
0.9060522146160201 -0.1281785006753024
0.9057994333203 -0.12921692012492467
0.9055421370024449 -0.1302486850605649
0.905280352599532 -0.13127382669951618
0.9050141069241684 -0.13229237611814446
0.9047434266650525 -0.13330436425244427
0.9044683383875332 -0.13430982189859614
0.9041888685341664 -0.13530877971352548
0.9039050434252702 -0.13630126821546273
0.9036168892594771 -0.13728731778450473
0.903324432114284 -0.13826695866317726
0.9030276979466005 -0.13924022095699862
0.9027267125932943 -0.14020713463504397
0.9024215017717346 -0.14116772953051074
0.9021120910803342 -0.14212203534128445
0.9017985059990872 -0.1430700816305054
0.9014807718901066 -0.14401189782713572
0.9011589139981585 -0.14494751322652696
0.9008329574511945 -0.14587695699098796
0.900502927260881 -0.14680025815035305
0.9001688483231276 -0.14771744560255037
0.8998307454186124 -0.14862854811417023
0.8994886432133046 -0.14953359432103366
0.8991425662589858 -0.15043261272876077
0.8987925389937689 -0.1513256317133389
0.8984385857426137 -0.15221267952169076
0.8980807307178414 -0.15309378427224213
0.8977189980196468 -0.15396897395548922
0.897353411636607 -0.15483827643456577
0.8969839954461892 -0.15570171944580935
0.8966107732152557 -0.15655933059932742
0.8962337686005668 -0.15741113737956255
0.8958530051492808 -0.1582571671458572
0.8954685062994527 -0.1590974471330174
0.8950802953805302 -0.1599320044518761
0.8946883956138472 -0.16076086608985524
0.8942928301131151 -0.16158405891152716
0.8938936218849131 -0.16240160965917505
0.8934907938291741 -0.16321354495335227
0.8930843687396698 -0.1640198912934407
0.8926743693044936 -0.16482067505820797
0.8922608181065407 -0.1656159225063635
0.8918437376239859 -0.16640565977711347
0.8914231502307602 -0.1671899128907143
0.890999078197024 -0.16796870774902514
0.8905715436896382 -0.16874207013605877
0.8901405687726344 -0.16951002571853135
0.8897061754076813 -0.1702726000464106
0.8892683854545498 -0.1710298185534626
0.8888272206715755 -0.17178170655779726
0.8883827027161194 -0.17252828926241187
0.8879348531450263 -0.17326959175573362
0.8874836934150807 -0.17400563901216015
0.8870292448834609 -0.17473645589259865
0.8865715288081912 -0.17546206714500331
0.8861105663485909 -0.17618249740491104
0.8856463785657223 -0.17689777119597558
0.8851789864228362 -0.17760791293049982
0.884708410785815 -0.17831294690996632
0.8842346724236138 -0.17901289732556622
0.8837577920086994 -0.1797077882587261
0.8832777901174877 -0.1803976436816333
0.882794687230778 -0.18108248745775915
0.8823085037341859 -0.18176234334238042
0.881819259918574 -0.1824372349830989
0.8813269759804807 -0.1831071859203591
0.880831672022546 -0.18377221958796383
0.8803333680539369 -0.18443235931358815
0.879832083990769 -0.18508762831929104
0.879327839656527 -0.1857380497220253
0.8788206547824836 -0.18638364653414533
0.8783105490081149 -0.187024441663913
0.877797541881515 -0.18766045791600136
0.8772816528598084 -0.18829171799199648
0.8767629013095597 -0.18891824449089709
0.8762413065071826 -0.18954005990961217
0.8757168876393453 -0.1901571866434566
0.8751896638033754 -0.19076964698664453
0.8746596540076615 -0.1913774631327808
0.8741268771720542 -0.19198065717535026
0.8735913521282636 -0.19257925110820473
0.8730530976202566 -0.19317326682604818
0.872512132304651 -0.19376272612491957
0.8719684747511074 -0.19434765070267354
0.8714221434427208 -0.1949280621594591
0.8708731567764085 -0.19550398199819602
0.8703215330632972 -0.1960754316250491
0.8697672905291076 -0.19664243234990028
0.869210447314538 -0.1972050053868187
0.8686510214756444 -0.19776317185452835
0.8680890309842209 -0.19831695277687372
0.8675244937281759 -0.19886636908328328
0.8669574275119084 -0.1994114416092306
0.8663878500566814 -0.19995219109669352
0.8658157790009936 -0.2004886381946109
0.8652412319009495 -0.20102080345933748
0.8646642262306277 -0.20154870735509614
0.864084779382447 -0.20207237025442837
0.8635029086675312 -0.2025918124386423
0.8629186313160716 -0.20310705409825866
0.8623319644776882 -0.20361811533345442
0.861742925221789 -0.2041250161545044
0.8611515305379268 -0.2046277764822206
0.8605577973361559 -0.20512641614838936
0.8599617424473851 -0.20562095489620627
0.8593633826237304 -0.20611141238070904
0.8587627345388653 -0.206597808169208
0.8581598147883697 -0.20708016174171462
0.8575546398900763 -0.2075584924913677
0.856947226284417 -0.20803281972485746
0.8563375903347654 -0.20850316266284738
0.8557257483277795 -0.208969540440394
0.8551117164737416 -0.2094319721073645
0.854495510906897 -0.20989047662885202
0.8538771476857909 -0.21034507288558899
0.8532566427936036 -0.21079577967435817
0.852634012138484 -0.2112426157084017
0.8520092715538821 -0.2116855996178278
0.8513824367988788 -0.2121247499500155
0.8507535235585149 -0.21256008517001726
0.850122547444118 -0.21299162366095922
0.8494895239936284 -0.21341938372443967
0.848854468671923 -0.21384338358092514
0.8482173968711373 -0.21426364137014456
0.8475783239109861 -0.21468017515148116
0.8469372650390834 -0.21509300290436242
0.8462942354312594 -0.21550214252864786
0.845649250191877 -0.21590761184501467
0.8450023243541459 -0.21630942859534147
0.8443534728804363 -0.21670761044308984
0.8437027106625896 -0.21710217497368384
0.843050052522229 -0.21749313969488743
0.8423955132110676 -0.21788052203717997
0.8417391074112159 -0.2182643393541295
0.8410808497354865 -0.2186446089227642
0.8404207547276984 -0.2190213479439415
0.83975883686298 -0.21939457354271574
0.8390951105480697 -0.2197643027687031
0.8384295901216152 -0.22013055259644515
0.8377622898544724 -0.22049333992577005
0.8370932239500016 -0.2208526815821519
0.8364224065443627 -0.22120859431706813
0.8357498517068094 -0.2215610948083548
0.8350755734399811 -0.2219101996605602
0.8343995856801943 -0.22225592540529604
0.8337219022977324 -0.2225982885015873
0.8330425370971329 -0.22293730533621967
0.8323615038174758 -0.2232729922240852
0.8316788161326674 -0.2236053654085262
0.8309944876517255 -0.22393444106167706
0.8303085319190615 -0.2242602352848041
0.829620962414762 -0.22458276410864378
0.8289317925548688 -0.22490204349373888
0.8282410356916572 -0.22521808933077278
0.8275487051139137 -0.22553091744090198
0.8268548140472117 -0.22584054357608668
0.8261593756541868 -0.22614698341941958
0.825462403034809 -0.2264502525854528
0.8247639092266558 -0.22675036662052298
0.8240639072051824 -0.22704734100307467
0.8233624098839915 -0.22734119114398169
0.8226594301151009 -0.22763193238686694
0.8219549806892109 -0.22791958000842027
0.8212490743359702 -0.2282041492187146
0.8205417237242392 -0.2284856551615203
0.8198329414623543 -0.22876411291461785
0.8191227400983889 -0.22903953749010858
0.8184111321204147 -0.22931194383472386
0.8176981299567605 -0.22958134683013254
0.8169837459762707 -0.22984776129324644
0.8162679924885621 -0.2301112019765245
0.8155508817442799 -0.23037168356827487
0.814832425935352 -0.23062922069295558
0.8141126371952422 -0.23088382791147333
0.8133915275992026 -0.2311355197214807
0.8126691091645245 -0.23138431055767172
0.8119453938507882 -0.2316302147920757
0.8112203935601114 -0.23187324673434953
0.810494120137397 -0.2321134206320681
0.8097665853705787 -0.23235075067101346
0.809037800990867 -0.23258525097546204
0.8083077786729927 -0.23281693560847044
0.8075765300354499 -0.23304581857215953
0.8068440666407375 -0.233271913807997
0.8061103999955999 -0.23349523519707835
0.8053755415512664 -0.2337157965604062
0.8046395027036901 -0.23393361165916823
0.8039022947937842 -0.23414869419501336
0.8031639291076588 -0.2343610578103265
0.8024244168768558 -0.2345707160885018
0.801683769278583 -0.23477768255421422
0.8009419974359465 -0.23498197067368973
0.800199112418183 -0.235183593854974
0.7994551252408905 -0.23538256544819944
0.7987100468662576 -0.23557889874585092
0.7979638882032926 -0.2357726069830299
0.7972166601080506 -0.2359637033377172
0.7964683733838605 -0.2361522009310342
0.7957190387815499 -0.23633811282750256
0.7949686669996702 -0.23652145203530262
0.7942172686847193 -0.23670223150653036
0.7934648544313647 -0.23688046413745273
0.7927114347826643 -0.23705616276876187
0.7919570202302869 -0.23722934018582761
0.7912016212147321 -0.23740000911894882
0.790445248125548 -0.2375681822436032
0.7896879113015483 -0.2377338721806958
0.7889296210310298 -0.2378970914968061
0.788170387551987 -0.2380578527044337
0.7874102210523264 -0.23821616826224273
0.7866491316700803 -0.23837205057530492
0.7858871294936194 -0.23852551199534114
0.7851242245618637 -0.23867656482096195
0.7843604268644937 -0.23882522129790643
0.7835957463421598 -0.23897149361928
0.7828301928866906 -0.23911539392579084
0.7820637763413015 -0.23925693430598494
0.7812965065008003 -0.23939612679647992
0.7805283931117939 -0.2395329833821976
0.7797594458728931 -0.23966751599659528
0.7789896744349166 -0.2397997365218956
0.7782190884010939 -0.2399296567893154
0.7774476973272675 -0.24005728857929323
0.7766755107220944 -0.2401826436217155
0.7759025380472465 -0.24030573359614155
0.7751287887176099 -0.24042657013202737
0.7743542721014837 -0.2405451648089483
0.7735789975207773 -0.24066152915682024
0.7728029742512078 -0.2407756746561199
0.7720262115224956 -0.24088761273810372
0.7712487185185599 -0.24099735478502568
0.770470504377712 -0.24110491213035387
0.76969157819285 -0.24121029605898592
0.76891194901165 -0.24131351780746324
0.7681316258367591 -0.24141458856418418
0.7673506176259849 -0.241513519469616
0.7665689332924861 -0.24161032161650553
0.765786581704962 -0.2417050060500891
0.7650035716878402 -0.24179758376830088
0.7642199120214642 -0.24188806572198043
0.7634356114422803 -0.24197646281507904
0.7626506786430232 -0.24206278590486485
0.7618651222729012 -0.2421470458021271
0.7610789509377801 -0.24222925327137904
0.7602921732003671 -0.24230941903106004
0.759504797580393 -0.2423875537537363
0.7587168325547942 -0.2424636680663008
0.7579282865578933 -0.24253777255017195
0.7571391679815802 -0.24260987774149134
0.7563494851754907 -0.24267999413132035
0.7555592464471854 -0.2427481321658358
0.7547684600623279 -0.24281430224652445
0.7539771342448613 -0.24287851473037664
0.7531852771771852 -0.24294077993007873
0.752392897000331 -0.2430011081142047
0.7516000018141364 -0.2430595095074065
0.7508065996774204 -0.24311599429060377
0.7500126986081551 -0.2431705726011721
0.74921830658364 -0.24322325453313084
0.7484234315406723 -0.2432740501373294
0.7476280813757191 -0.24332296942163287
0.7468322639450873 -0.24337002235110672
0.7460359870650929 -0.2434152188482004
0.7452392585122304 -0.2434585687929299
0.7444420860233408 -0.24350008202305967
0.7436444772957791 -0.2435397683342833
0.7428464399875807 -0.24357763748040342
0.7420479817176279 -0.24361369917351056
0.7412491100658147 -0.24364796308416126
0.7404498325732121 -0.24368043884155505
0.739650156742231 -0.24371113603371072
0.7388500900367864 -0.2437400642076415
0.7380496398824593 -0.24376723286952945
0.7372488136666587 -0.243792651484899
0.7364476187387828 -0.24381632947878942
0.7356460624103792 -0.24383827623592663
0.734844151955305 -0.2438585011008939
0.7340418946098853 -0.243877013378302
0.7332392975730727 -0.24389382233295806
0.7324363680066037 -0.24390893719003398
0.7316331130351569 -0.24392236713523371
0.7308295397465088 -0.2439341213149598
0.7300256551916897 -0.24394420883647916
0.729221466385139 -0.24395263876808776
0.728416980304859 -0.2439594201392748
0.7276122038925698 -0.2439645619408858
0.7268071440538612 -0.24396807312528504
0.7260018076583462 -0.24396996260651702
0.7251962015398126 -0.24397023926046732
0.7243903324963737 -0.24396891192502249
0.7235842072906199 -0.24396598940022918
0.7227778326497676 -0.24396148044845253
0.7219712152658093 -0.24395539379453365
0.7211643617956621 -0.2439477381259465
0.7203572788613156 -0.2439385220929538
0.7195499730499798 -0.24392775430876232
0.7187424509142315 -0.24391544334967727
0.7179347189721609 -0.24390159775525605
0.7171267837075171 -0.2438862260284611
0.7163186515698533 -0.24386933663581223
0.7155103289746709 -0.24385093800753788
0.7147018223035639 -0.24383103853772592
0.7138931379043616 -0.24380964658447352
0.7130842820912714 -0.24378677047003644
0.7122752611450212 -0.2437624184809775
0.7114660813130004 -0.2437365988683142
0.7106567488094011 -0.243709319847666
